Memory Mountain (MB/sec)
CPU_freq_MHz	2419.2
	s1	s2	s3	s4	s5	s6	s7	s8	s9	s10	s11	s12	s13	s14	s15	s16	s17	s18	s19	s20	s21	s22	s23	s24	s25	s26	s27	s28	s29	s30	s31	s32	s33	s34	s35	s36	s37	s38	s39	s40	s41	s42	s43	s44	s45	s46	s47	s48	s49	s50	s51	s52	s53	s54	s55	s56	s57	s58	s59	s60	s61	s62	s63	s64	
64m	12769.2	10520.7	7985.3	5732.7	4861.1	3862.9	3492.5	3663.3	3559.0	3298.1	3212.2	2741.5	2401.9	2837.6	2779.3	1803.7	2395.3	2652.2	2403.7	2479.1	2789.4	3008.8	2544.5	3095.6	2422.2	2689.0	2925.1	2613.4	2207.6	1937.4	2501.6	1843.7	3156.6	2678.8	2966.3	2543.4	1995.3	2602.7	2793.0	3566.5	3057.8	3238.6	3515.3	3631.8	3549.2	2549.0	2953.7	2225.9	3447.1	2914.5	3088.9	3506.6	3261.8	3397.0	3117.8	4704.9	3073.8	3466.9	3562.6	3565.9	3370.2	3493.3	3867.7	2094.1	
32m	13764.9	10521.1	8832.6	7545.6	7993.3	5031.2	5295.4	5017.8	4942.6	4727.0	4655.1	4168.3	3776.9	2923.9	3446.3	2766.4	3890.4	3681.3	3963.6	4235.9	4292.9	3918.2	4095.8	4515.1	4070.4	3576.9	3695.2	3725.9	3493.8	3444.7	3881.9	2270.0	3846.8	3645.7	3726.1	3647.6	3834.1	3796.3	3810.9	4438.6	3795.9	3886.2	3910.2	4234.1	3899.1	3670.2	4142.2	3377.5	4402.8	3951.3	3986.2	4341.2	4351.3	4361.9	4417.1	6961.6	4287.4	4180.8	4345.3	4547.8	4050.8	4092.2	4630.2	2584.0	
16m	17509.6	16769.4	15788.6	10829.5	10533.1	9268.5	8075.8	7796.3	6906.5	6820.8	5079.9	5342.2	5522.5	5814.1	5278.6	4224.7	5160.2	4833.6	4751.2	4950.5	4445.1	4204.8	4136.4	5467.5	4483.2	4573.7	4695.0	4669.6	4519.5	4180.5	4627.6	3232.0	4633.3	4331.2	4302.3	4781.0	4189.5	4843.5	4808.6	5658.5	4732.5	4803.5	5393.6	5125.9	4429.0	4678.4	5712.5	4386.9	5120.8	4850.2	4979.1	5023.3	5411.0	5278.3	3920.6	10414.1	5263.9	5438.0	5482.2	4826.5	5159.8	5192.4	6821.7	4367.0	
8m	19190.0	20667.5	19807.0	13685.1	13679.6	12379.3	10014.5	8353.4	7799.5	7241.9	6699.7	6271.1	6115.9	6003.2	5446.4	4382.4	5304.8	5036.8	5061.4	5066.3	4877.1	4430.1	4445.0	5394.8	4395.5	4258.5	4309.4	4279.9	4201.7	4217.5	4278.9	3383.7	4976.6	4835.6	4815.7	5475.6	5830.2	5626.2	5884.6	13345.3	6515.1	7669.2	7599.7	8255.8	7629.1	8737.0	13287.2	4682.1	11049.6	10943.0	11169.0	12459.9	14736.6	14534.7	14554.8	18426.9	16013.2	15806.2	16074.7	14725.0	15869.9	16312.5	16765.6	4135.3	
4m	19369.2	18849.0	18979.4	17554.7	12543.4	11441.0	9650.4	8363.3	7363.2	6813.9	6368.4	6195.2	5883.8	5568.5	5697.2	4271.0	6020.5	5638.0	6140.2	7060.1	7723.3	7690.1	8951.2	16242.5	10945.2	11500.0	13578.3	14968.7	13663.6	14884.9	15841.8	3556.5	18672.6	16113.8	16088.0	16313.0	17338.6	11331.3	17427.4	19136.9	18003.9	18426.6	17629.7	18305.2	18502.4	18661.0	18979.0	18062.7	18900.0	19098.3	18946.7	19011.3	19052.5	19162.7	19165.1	19172.3	19161.2	19204.6	19206.8	19181.2	19191.2	19182.3	19170.9	4072.6	
2m	18651.7	17191.4	18585.1	18569.3	18262.9	17154.1	14188.3	14534.8	15207.1	16244.0	17481.7	18432.4	18166.4	18000.9	18561.0	9281.7	19080.8	18966.0	18997.0	18940.9	19083.0	19114.0	19065.9	19113.2	19095.1	19183.2	19200.3	19153.2	19146.2	19073.9	18757.9	7786.8	18995.1	18939.6	19001.7	18993.3	19109.5	19104.6	19215.5	19198.0	19123.0	19118.7	19002.3	19067.2	19239.7	19195.7	18958.3	19145.8	19141.5	19114.8	19165.4	19057.7	19201.9	19260.5	19201.8	19244.8	18989.1	19011.7	19166.1	19201.3	19057.9	19100.3	19243.3	8374.3	
1m	19108.7	19155.7	19071.8	18871.3	18745.8	18938.4	18904.4	18993.7	18923.2	19137.8	18856.7	19099.4	18760.8	19029.7	19127.4	18829.3	18844.0	19187.3	18980.2	18753.5	19010.3	19105.7	19115.8	19048.5	19013.8	18886.5	18884.1	18906.6	18930.2	19267.8	19096.8	18418.0	19058.6	18976.3	18895.1	19016.9	19097.7	18939.3	19083.0	18899.9	18892.2	19124.1	19288.8	19244.8	19289.7	19272.1	19251.1	19116.6	19094.8	19247.6	19115.3	19263.1	19244.4	19334.2	18471.2	19226.8	19355.0	19279.9	19266.6	19328.5	19322.7	19294.9	19323.6	18091.8	
512k	19136.2	18826.9	18347.5	18859.9	18702.4	18952.5	18980.7	19159.2	18938.2	19071.0	18863.1	18830.6	4954.0	19198.3	19197.8	19091.4	19199.9	19244.4	19220.7	19251.1	19246.0	19194.8	19264.1	19257.4	19262.2	19275.3	19231.3	19226.8	19262.9	19275.7	19171.9	18319.3	19285.3	19243.5	19271.0	19211.9	19283.6	19224.0	19275.3	19287.4	19341.2	19294.0	19279.9	19273.1	19390.6	19377.8	19218.2	18826.5	19338.9	19394.8	19338.3	19319.6	19297.1	19375.7	19379.4	18923.1	19252.8	19391.1	19381.3	19413.8	19382.2	19386.3	19312.5	17710.3	
256k	19018.2	15806.5	18734.1	18359.6	18910.6	18483.5	19120.5	19274.3	19108.7	18890.8	19112.0	19105.6	18875.4	19289.0	19098.0	19079.4	18302.8	19310.9	19002.8	19377.0	19405.6	19405.4	19416.0	19413.0	19505.2	19492.6	19088.9	19453.1	19394.5	19496.1	19523.2	17796.2	19031.0	19495.0	19494.9	19551.0	19601.4	19585.1	19643.3	19578.0	19613.5	19619.9	19720.8	19833.2	19639.3	19918.4	19889.8	18801.9	19877.0	19875.2	19924.4	19955.1	19947.2	20034.4	19991.7	20081.0	19894.0	20101.8	20009.5	20043.5	20086.5	20107.3	20143.6	17821.8	
128k	19096.4	19018.1	19209.8	19281.8	19254.6	18767.6	19346.7	19244.3	19357.6	19092.2	18819.9	19447.3	19421.1	19483.2	19525.0	18942.6	19605.8	19551.0	19589.7	19438.8	19660.8	19789.5	19764.1	19932.0	19837.9	19903.0	19770.9	20038.4	20042.7	20096.8	20170.8	17675.5	20217.5	20307.5	20344.5	20280.4	20165.4	20404.3	20392.4	20432.4	20299.6	20521.5	20562.2	20676.1	20682.9	20789.9	20774.1	20727.0	20784.6	20817.5	20625.5	18967.9	20664.0	20973.0	20993.2	20776.4	20740.9	21186.5	21206.0	21355.9	21326.8	21377.7	21412.2	17096.1	
64k	19227.5	19055.6	19351.9	19090.5	19381.7	19104.2	19500.0	19563.5	19594.5	19060.1	19713.7	19878.0	19851.2	20024.2	20135.1	18866.9	20280.9	20346.0	18880.2	20432.4	20532.6	20640.6	20615.7	20779.2	20900.0	20834.9	21033.2	21055.0	20878.5	21133.8	21377.7	17049.0	21446.0	21345.6	21063.6	21556.4	21406.8	21316.4	21968.6	22007.1	21636.6	22225.5	21861.7	22247.9	22264.9	22253.8	22212.9	22230.2	21662.2	21755.8	22213.3	22114.1	21754.8	22005.7	21699.2	22006.1	22318.7	21657.3	22293.5	22192.7	21940.3	21324.2	22108.4	17977.0	
32k	19262.1	17950.9	19577.1	19699.6	19783.3	19764.8	19995.9	20164.6	20187.4	20348.3	20569.8	20727.0	21007.2	21149.6	21201.7	21447.8	21563.6	21493.2	21922.9	21958.2	21394.0	22030.1	21638.8	21992.4	22122.0	22049.9	22172.6	22144.1	22330.8	22192.7	22214.2	21922.3	22261.7	22245.2	22286.8	22134.9	11986.9	21936.5	22136.1	21933.8	21822.1	20272.9	21132.9	21790.1	20719.4	21914.1	21313.1	20929.2	20700.1	19024.5	21093.5	20966.1	19922.5	19829.2	20755.7	19622.1	19742.6	20714.6	20294.5	17407.7	20072.3	19412.1	20488.0	22937.3	
16k	19287.4	19521.1	19920.0	20082.9	20464.1	20649.2	21133.8	21263.7	21878.5	21668.9	21658.9	21817.4	21859.5	22144.1	22305.5	22398.1	21228.5	22270.1	21570.9	22031.7	21381.2	21376.0	21748.0	19772.0	18887.0	20966.1	20854.9	20416.1	20842.0	20246.5	21077.9	20439.1	22138.5	21345.6	22271.7	19148.2	21901.9	21824.0	21321.5	21740.5	21167.7	21209.1	21352.3	21096.0	19267.7	20769.4	20598.8	20219.9	20345.8	20055.3	20479.7	19758.6	16127.8	19564.8	20002.0	19246.4	16282.8	19464.5	18800.4	19583.7	15966.5	23480.1	14959.1	19114.4	
8k	18275.4	20164.6	20766.1	21485.0	21982.6	21992.4	22074.9	22398.1	21782.1	22081.0	22165.7	21144.4	21261.4	21213.1	20435.2	20439.1	20020.7	19216.1	20514.5	20562.9	19036.1	19186.5	18923.2	15164.9	16976.6	13823.8	12787.0	16202.8	17368.4	19017.7	17076.5	15879.6	20268.7	16401.1	16035.6	15938.0	783.4	3812.0	4257.1	4236.7	4214.9	4284.9	4183.5	4364.0	4047.3	7216.5	9195.0	11104.4	10811.9	14024.1	14024.1	9526.2	11142.8	9314.4	9215.9	11237.4	8989.2	12095.8	13483.9	13708.6	8847.2	10053.7	13120.9	9498.6	
4k	10225.9	10874.6	15652.1	21845.0	21982.6	21759.7	21086.5	19660.5	19422.7	19899.6	19695.9	16521.1	16847.8	15551.8	15592.7	18766.9	14736.0	13347.1	16885.4	16683.9	14515.0	15349.2	15206.2	15052.6	14887.2	11142.8	13823.8	13823.8	11040.5	12462.4	12287.8	13010.6	13439.8	18143.7	11289.4	12543.8	10938.8	12095.8	16337.2	10367.8	11273.8	16829.0	10041.8	11204.6	16375.9	15887.1	9128.9	10079.9	14442.8	14887.2	14887.2	6176.6	12095.8	13823.8	13823.8	14277.0	7741.3	8414.5	13120.9	13581.3	13581.3	12690.7	13581.3	7664.7	
2k	12956.2	20643.5	21992.4	19173.6	20911.4	22208.7	21241.4	15405.6	16032.3	16799.8	14452.2	13918.5	12947.6	10620.7	9969.9	11909.7	14515.0	12315.7	11231.8	11059.0	17331.3	8724.9	12522.7	8639.9	14887.2	8709.0	14761.0	13823.8	10186.0	10604.6	10604.6	6790.6	9031.5	9279.0	9540.4	12315.7	5985.6	7167.9	11612.0	10556.4	10954.7	11384.3	5561.3	6124.5	9486.9	9486.9	9874.1	9676.7	9676.7	9676.7	9486.9	3072.0	3794.8	8235.5	9001.5	7037.6	6143.9	8235.5	8414.5	8601.5	9001.5	8601.5	9001.5	3949.7	
1k	12822.1	20305.1	20526.2	20922.5	15311.2	12390.8	12180.4	13120.9	12095.8	11059.0	8063.9	7330.8	6597.7	10751.8	6974.2	8698.1	9031.5	12315.7	5806.0	11612.0	11165.4	4319.9	9676.7	9486.9	9676.7	4899.6	8414.5	8797.0	8601.5	8601.5	8601.5	6345.4	4920.3	4607.9	4607.9	6310.9	6451.1	6310.9	6597.7	6751.2	6451.1	6751.2	1612.8	4607.9	4607.9	4607.9	4607.9	4720.3	4607.9	4720.3	4607.9	4720.3	4720.3	4720.3	4607.9	4962.4	4720.3	4962.4	4607.9	4500.8	4500.8	4838.3	4720.3	1640.1	
